x y yRK4 yRK5 h
0.0198921 0.0198921 0.0198921 0 73.7072
0.1 0.00063662 0.00063662 0.00063662 6.88862
0.2 4.69298 4.69298 4.69298 0.0592297
0.3 4.69215 6.59447 5.87604 0.00737563
0.4 4.64029 4.64029 4.64012 0.0208525
0.5 4.63362 4.63362 4.63362 0.0124104
0.6 4.61497 4.61497 4.61495 0.0160806
0.7 4.60383 4.60383 4.60382 0.0141298
0.8 4.58944 4.58944 4.58943 0.0150726
0.9 4.57681 4.57681 4.5768 0.0145947
1 4.56336 4.56336 4.56335 0.0148317
1.1 4.55035 4.55035 4.55034 0.0147133
1.2 4.53716 4.53716 4.53715 0.0147727
1.3 4.52409 4.52409 4.52408 0.0147434
1.4 4.51098 4.51098 4.51097 0.0147584
1.5 4.49793 4.49793 4.49792 0.0147513
1.6 4.48488 4.48488 4.48487 0.0147553
1.7 4.47186 4.47186 4.47185 0.0147537
1.8 4.45885 4.45885 4.45884 0.0147549
1.9 4.44587 4.44587 4.44586 0.0147547
2 4.43291 4.43291 4.4329 0.0147552
2.1 4.41996 4.41996 4.41995 0.0147553
2.2 4.40704 4.40704 4.40703 0.0147557
2.3 4.39414 4.39414 4.39413 0.0147559
2.4 4.38126 4.38126 4.38125 0.0147562
2.5 4.36839 4.36839 4.36838 0.0147565
2.6 4.35555 4.35555 4.35554 0.0147567
2.7 4.34273 4.34273 4.34272 0.014757
2.8 4.32993 4.32993 4.32992 0.0147573
2.9 4.31715 4.31715 4.31714 0.0147576
3 4.30439 4.30439 4.30438 0.0147578
3.1 4.29165 4.29165 4.29164 0.0147581
3.2 4.27893 4.27893 4.27892 0.0147584
3.3 4.26623 4.26623 4.26622 0.0147587
3.4 4.25355 4.25355 4.25354 0.0147589
3.5 4.24089 4.24089 4.24088 0.0147592
3.6 4.22825 4.22825 4.22824 0.0147595
3.7 4.21563 4.21563 4.21562 0.0147598
3.8 4.20303 4.20303 4.20302 0.0147601
3.9 4.19045 4.19045 4.19044 0.0147604
4 4.17789 4.17789 4.17788 0.0147606
4.1 4.16535 4.16535 4.16534 0.0147609
4.2 4.15283 4.15283 4.15282 0.0147612
4.3 4.14034 4.14034 4.14033 0.0147615
4.4 4.12786 4.12786 4.12785 0.0147618
4.5 4.1154 4.1154 4.11539 0.0147621
4.6 4.10296 4.10296 4.10295 0.0147624
4.7 4.09055 4.09055 4.09053 0.0147627
4.8 4.07815 4.07815 4.07814 0.0147629
4.9 4.06577 4.06577 4.06576 0.0147632
5 4.05341 4.05341 4.0534 0.0147635
5.1 4.04108 4.04108 4.04107 0.0147638
5.2 4.02876 4.02876 4.02875 0.0147641
5.3 4.01646 4.01646 4.01645 0.0147644
5.4 4.00419 4.00419 4.00418 0.0147647
5.5 3.99193 3.99193 3.99192 0.014765
5.6 3.9797 3.9797 3.97969 0.0147653
5.7 3.96748 3.96748 3.96747 0.0147656
5.8 3.95529 3.95529 3.95528 0.0147659
5.9 3.94311 3.94311 3.9431 0.0147662
6 3.93096 3.93096 3.93095 0.0147665
6.1 3.91882 3.91882 3.91881 0.0147668
6.2 3.90671 3.90671 3.9067 0.0147671
6.3 3.89461 3.89461 3.8946 0.0147674
6.4 3.88254 3.88254 3.88253 0.0147677
6.5 3.87048 3.87048 3.87047 0.014768
6.6 3.85845 3.85845 3.85844 0.0147684
6.7 3.84643 3.84643 3.84642 0.0147687
6.8 3.83444 3.83444 3.83443 0.014769
6.9 3.82247 3.82247 3.82246 0.0147693
7 3.81051 3.81051 3.8105 0.0147696
7.1 3.79858 3.79858 3.79857 0.0147699
7.2 3.78667 3.78667 3.78665 0.0147702
7.3 3.77477 3.77477 3.77476 0.0147705
7.4 3.7629 3.7629 3.76289 0.0147709
7.5 3.75105 3.75105 3.75104 0.0147712
7.6 3.73921 3.73921 3.7392 0.0147715
7.7 3.7274 3.7274 3.72739 0.0147718
7.8 3.71561 3.71561 3.7156 0.0147721
7.9 3.70383 3.70383 3.70382 0.0147725
8 3.69208 3.69208 3.69207 0.0147728
8.1 3.68035 3.68035 3.68034 0.0147731
8.2 3.66864 3.66864 3.66863 0.0147734
8.3 3.65695 3.65695 3.65694 0.0147738
8.4 3.64527 3.64527 3.64526 0.0147741
8.5 3.63362 3.63362 3.63361 0.0147744
8.6 3.62199 3.62199 3.62198 0.0147747
8.7 3.61038 3.61038 3.61037 0.0147751
8.8 3.59879 3.59879 3.59878 0.0147754
8.9 3.58721 3.58721 3.5872 0.0147757
9 3.57566 3.57566 3.57565 0.0147761
9.1 3.56413 3.56413 3.56412 0.0147764
9.2 3.55262 3.55262 3.55261 0.0147767
9.3 3.54113 3.54113 3.54112 0.0147771
9.4 3.52966 3.52966 3.52965 0.0147774
9.5 3.51821 3.51821 3.5182 0.0147777
9.6 3.50678 3.50678 3.50677 0.0147781
9.7 3.49537 3.49537 3.49535 0.0147784
9.8 3.48397 3.48397 3.48396 0.0147788
9.9 3.4726 3.4726 3.47259 0.0147791
10 3.46125 3.46125 3.46124 0.0147794
10.1 3.44992 3.44992 3.44991 0.0147798
10.2 3.43861 3.43861 3.4386 0.0147801
10.3 3.42732 3.42732 3.42731 0.0147805
10.4 3.41605 3.41605 3.41604 0.0147808
10.5 3.4048 3.4048 3.40479 0.0147812
10.6 3.39357 3.39357 3.39356 0.0147815
10.7 3.38236 3.38236 3.38235 0.0147819
10.8 3.37117 3.37117 3.37116 0.0147822
10.9 3.36 3.36 3.35999 0.0147826
11 3.34885 3.34885 3.34884 0.014783
11.1 3.33772 3.33772 3.33771 0.0147833
11.2 3.32661 3.32661 3.3266 0.0147837
11.3 3.31552 3.31552 3.31551 0.014784
11.4 3.30445 3.30445 3.30444 0.0147844
11.5 3.2934 3.2934 3.29339 0.0147847
11.6 3.28237 3.28237 3.28236 0.0147851
11.7 3.27136 3.27136 3.27135 0.0147855
11.8 3.26037 3.26037 3.26036 0.0147858
11.9 3.2494 3.2494 3.24939 0.0147862
12 3.23845 3.23845 3.23844 0.0147866
12.1 3.22752 3.22752 3.2275 0.0147869
12.2 3.21661 3.21661 3.21659 0.0147873
12.3 3.20572 3.20572 3.2057 0.0147877
12.4 3.19484 3.19484 3.19483 0.0147881
12.5 3.18399 3.18399 3.18398 0.0147884
12.6 3.17316 3.17316 3.17315 0.0147888
12.7 3.16235 3.16235 3.16234 0.0147892
12.8 3.15156 3.15156 3.15155 0.0147896
12.9 3.14079 3.14079 3.14078 0.0147899
13 3.13004 3.13004 3.13003 0.0147903
13.1 3.11931 3.11931 3.1193 0.0147907
13.2 3.1086 3.1086 3.10859 0.0147911
13.3 3.09791 3.09791 3.0979 0.0147915
13.4 3.08724 3.08724 3.08723 0.0147919
13.5 3.07659 3.07659 3.07658 0.0147922
13.6 3.06596 3.06596 3.06595 0.0147926
13.7 3.05535 3.05535 3.05534 0.014793
13.8 3.04476 3.04476 3.04475 0.0147934
13.9 3.03419 3.03419 3.03418 0.0147938
14 3.02364 3.02364 3.02363 0.0147942
14.1 3.01311 3.01311 3.0131 0.0147946
14.2 3.0026 3.0026 3.00259 0.014795
14.3 2.99211 2.99211 2.9921 0.0147954
14.4 2.98164 2.98164 2.98163 0.0147958
14.5 2.97119 2.97119 2.97118 0.0147962
14.6 2.96075 2.96075 2.96074 0.0147966
14.7 2.95034 2.95034 2.95033 0.014797
14.8 2.93995 2.93995 2.93994 0.0147974
14.9 2.92958 2.92958 2.92957 0.0147978
15 2.91923 2.91923 2.91922 0.0147982
15.1 2.9089 2.9089 2.90889 0.0147986
15.2 2.89859 2.89859 2.89858 0.014799
15.3 2.8883 2.8883 2.88829 0.0147994
15.4 2.87802 2.87802 2.87801 0.0147999
15.5 2.86777 2.86777 2.86776 0.0148003
15.6 2.85754 2.85754 2.85753 0.0148007
15.7 2.84733 2.84733 2.84732 0.0148011
15.8 2.83714 2.83714 2.83713 0.0148015
15.9 2.82696 2.82696 2.82695 0.014802
16 2.81681 2.81681 2.8168 0.0148024
16.1 2.80668 2.80668 2.80667 0.0148028
16.2 2.79657 2.79657 2.79656 0.0148032
16.3 2.78647 2.78647 2.78646 0.0148037
16.4 2.7764 2.7764 2.77639 0.0148041
16.5 2.76635 2.76635 2.76634 0.0148045
16.6 2.75632 2.75632 2.75631 0.0148049
16.7 2.7463 2.7463 2.74629 0.0148054
16.8 2.73631 2.73631 2.7363 0.0148058
16.9 2.72634 2.72634 2.72633 0.0148063
17 2.71638 2.71638 2.71637 0.0148067
17.1 2.70645 2.70645 2.70644 0.0148071
17.2 2.69653 2.69653 2.69652 0.0148076
17.3 2.68664 2.68664 2.68663 0.014808
17.4 2.67677 2.67677 2.67676 0.0148085
17.5 2.66691 2.66691 2.6669 0.0148089
17.6 2.65708 2.65708 2.65707 0.0148094
17.7 2.64726 2.64726 2.64725 0.0148098
17.8 2.63747 2.63747 2.63746 0.0148103
17.9 2.62769 2.62769 2.62768 0.0148107
18 2.61794 2.61794 2.61793 0.0148112
18.1 2.6082 2.6082 2.60819 0.0148116
18.2 2.59849 2.59849 2.59848 0.0148121
18.3 2.58879 2.58879 2.58878 0.0148125
18.4 2.57912 2.57912 2.5791 0.014813
18.5 2.56946 2.56946 2.56945 0.0148135
18.6 2.55982 2.55982 2.55981 0.0148139
18.7 2.55021 2.55021 2.5502 0.0148144
18.8 2.54061 2.54061 2.5406 0.0148149
18.9 2.53103 2.53103 2.53102 0.0148153
19 2.52148 2.52148 2.52146 0.0148158
19.1 2.51194 2.51194 2.51193 0.0148163
19.2 2.50242 2.50242 2.50241 0.0148168
19.3 2.49292 2.49292 2.49291 0.0148172
19.4 2.48344 2.48344 2.48343 0.0148177
19.5 2.47399 2.47399 2.47398 0.0148182
19.6 2.46455 2.46455 2.46454 0.0148187
19.7 2.45513 2.45513 2.45512 0.0148192
19.8 2.44573 2.44573 2.44572 0.0148197
19.9 2.43635 2.43635 2.43634 0.0148202
20 2.42699 2.42699 2.42698 0.0148206
20.1 2.41765 2.41765 2.41764 0.0148211
20.2 2.40833 2.40833 2.40832 0.0148216
20.3 2.39903 2.39903 2.39902 0.0148221
20.4 2.38975 2.38975 2.38974 0.0148226
20.5 2.38049 2.38049 2.38048 0.0148231
20.6 2.37125 2.37125 2.37124 0.0148236
20.7 2.36203 2.36203 2.36202 0.0148241
20.8 2.35283 2.35283 2.35281 0.0148246
20.9 2.34364 2.34364 2.34363 0.0148252
21 2.33448 2.33448 2.33447 0.0148257
21.1 2.32534 2.32534 2.32533 0.0148262
21.2 2.31622 2.31622 2.31621 0.0148267
21.3 2.30711 2.30711 2.3071 0.0148272
21.4 2.29803 2.29803 2.29802 0.0148277
21.5 2.28897 2.28897 2.28896 0.0148282
21.6 2.27992 2.27992 2.27991 0.0148288
21.7 2.2709 2.2709 2.27089 0.0148293
21.8 2.26189 2.26189 2.26188 0.0148298
21.9 2.25291 2.25291 2.2529 0.0148304
22 2.24394 2.24394 2.24393 0.0148309
22.1 2.235 2.235 2.23499 0.0148314
22.2 2.22607 2.22607 2.22606 0.014832
22.3 2.21716 2.21716 2.21715 0.0148325
22.4 2.20828 2.20828 2.20827 0.014833
22.5 2.19941 2.19941 2.1994 0.0148336
22.6 2.19056 2.19056 2.19055 0.0148341
22.7 2.18174 2.18174 2.18173 0.0148347
22.8 2.17293 2.17293 2.17292 0.0148352
22.9 2.16414 2.16414 2.16413 0.0148358
23 2.15537 2.15537 2.15536 0.0148363
23.1 2.14662 2.14662 2.14661 0.0148369
23.2 2.13789 2.13789 2.13788 0.0148374
23.3 2.12918 2.12918 2.12917 0.014838
23.4 2.12049 2.12049 2.12048 0.0148386
23.5 2.11182 2.11182 2.11181 0.0148391
23.6 2.10317 2.10317 2.10316 0.0148397
23.7 2.09454 2.09454 2.09453 0.0148403
23.8 2.08593 2.08593 2.08592 0.0148408
23.9 2.07733 2.07733 2.07732 0.0148414
24 2.06876 2.06876 2.06875 0.014842
24.1 2.06021 2.06021 2.0602 0.0148426
24.2 2.05168 2.05168 2.05167 0.0148431
24.3 2.04316 2.04316 2.04315 0.0148437
24.4 2.03467 2.03467 2.03466 0.0148443
24.5 2.02619 2.02619 2.02618 0.0148449
24.6 2.01774 2.01774 2.01773 0.0148455
24.7 2.0093 2.0093 2.00929 0.0148461
24.8 2.00089 2.00089 2.00088 0.0148467
24.9 1.99249 1.99249 1.99248 0.0148473
25 1.98411 1.98411 1.9841 0.0148479
25.1 1.97576 1.97576 1.97574 0.0148485
25.2 1.96742 1.96742 1.96741 0.0148491
25.3 1.9591 1.9591 1.95909 0.0148497
25.4 1.9508 1.9508 1.95079 0.0148503
25.5 1.94252 1.94252 1.94251 0.0148509
25.6 1.93426 1.93426 1.93425 0.0148515
25.7 1.92602 1.92602 1.92601 0.0148522
25.8 1.9178 1.9178 1.91779 0.0148528
25.9 1.9096 1.9096 1.90959 0.0148534
26 1.90142 1.90142 1.90141 0.014854
26.1 1.89325 1.89325 1.89324 0.0148547
26.2 1.88511 1.88511 1.8851 0.0148553
26.3 1.87699 1.87699 1.87698 0.0148559
26.4 1.86889 1.86889 1.86887 0.0148566
26.5 1.8608 1.8608 1.86079 0.0148572
26.6 1.85274 1.85274 1.85273 0.0148579
26.7 1.84469 1.84469 1.84468 0.0148585
26.8 1.83667 1.83667 1.83665 0.0148592
26.9 1.82866 1.82866 1.82865 0.0148598
27 1.82067 1.82067 1.82066 0.0148605
27.1 1.8127 1.8127 1.81269 0.0148611
27.2 1.80476 1.80476 1.80475 0.0148618
27.3 1.79683 1.79683 1.79682 0.0148624
27.4 1.78892 1.78892 1.78891 0.0148631
27.5 1.78103 1.78103 1.78102 0.0148638
27.6 1.77316 1.77316 1.77315 0.0148645
27.7 1.76531 1.76531 1.7653 0.0148651
27.8 1.75748 1.75748 1.75747 0.0148658
27.9 1.74966 1.74966 1.74965 0.0148665
28 1.74187 1.74187 1.74186 0.0148672
28.1 1.7341 1.7341 1.73409 0.0148679
28.2 1.72634 1.72634 1.72633 0.0148686
28.3 1.71861 1.71861 1.7186 0.0148693
28.4 1.7109 1.7109 1.71088 0.01487
28.5 1.7032 1.7032 1.70319 0.0148707
28.6 1.69552 1.69552 1.69551 0.0148714
28.7 1.68787 1.68787 1.68786 0.0148721
28.8 1.68023 1.68023 1.68022 0.0148728
28.9 1.67261 1.67261 1.6726 0.0148735
29 1.66501 1.66501 1.665 0.0148742
29.1 1.65743 1.65743 1.65742 0.0148749
29.2 1.64987 1.64987 1.64986 0.0148756
29.3 1.64233 1.64233 1.64232 0.0148764
29.4 1.63481 1.63481 1.6348 0.0148771
29.5 1.62731 1.62731 1.6273 0.0148778
29.6 1.61982 1.61982 1.61981 0.0148786
29.7 1.61236 1.61236 1.61235 0.0148793
29.8 1.60492 1.60492 1.60491 0.0148801
29.9 1.59749 1.59749 1.59748 0.0148808
30 1.59009 1.59009 1.59008 0.0148816
30.1 1.5827 1.5827 1.58269 0.0148823
30.2 1.57533 1.57533 1.57532 0.0148831
30.3 1.56799 1.56799 1.56798 0.0148838
30.4 1.56066 1.56066 1.56065 0.0148846
30.5 1.55335 1.55335 1.55334 0.0148854
30.6 1.54606 1.54606 1.54605 0.0148861
30.7 1.53879 1.53879 1.53878 0.0148869
30.8 1.53154 1.53154 1.53153 0.0148877
30.9 1.5243 1.5243 1.52429 0.0148885
31 1.51709 1.51709 1.51708 0.0148893
31.1 1.5099 1.5099 1.50989 0.0148901
31.2 1.50272 1.50272 1.50271 0.0148909
31.3 1.49557 1.49557 1.49556 0.0148917
31.4 1.48843 1.48843 1.48842 0.0148925
31.5 1.48132 1.48132 1.48131 0.0148933
31.6 1.47422 1.47422 1.47421 0.0148941
31.7 1.46714 1.46714 1.46713 0.0148949
31.8 1.46008 1.46008 1.46007 0.0148957
31.9 1.45304 1.45304 1.45303 0.0148965
32 1.44602 1.44602 1.44601 0.0148974
32.1 1.43902 1.43902 1.43901 0.0148982
32.2 1.43204 1.43204 1.43203 0.014899
32.3 1.42507 1.42507 1.42506 0.0148999
32.4 1.41813 1.41813 1.41812 0.0149007
32.5 1.41121 1.41121 1.4112 0.0149016
32.6 1.4043 1.4043 1.40429 0.0149024
32.7 1.39741 1.39741 1.3974 0.0149033
32.8 1.39055 1.39055 1.39054 0.0149041
32.9 1.3837 1.3837 1.38369 0.014905
33 1.37687 1.37687 1.37686 0.0149058
33.1 1.37006 1.37006 1.37005 0.0149067
33.2 1.36327 1.36327 1.36326 0.0149076
33.3 1.3565 1.3565 1.35649 0.0149085
33.4 1.34974 1.34974 1.34973 0.0149094
33.5 1.34301 1.34301 1.343 0.0149103
33.6 1.3363 1.3363 1.33629 0.0149112
33.7 1.3296 1.3296 1.32959 0.0149121
33.8 1.32292 1.32292 1.32291 0.014913
33.9 1.31627 1.31627 1.31626 0.0149139
34 1.30963 1.30963 1.30962 0.0149148
34.1 1.30301 1.30301 1.303 0.0149157
34.2 1.29641 1.29641 1.2964 0.0149166
34.3 1.28983 1.28983 1.28982 0.0149175
34.4 1.28327 1.28327 1.28326 0.0149185
34.5 1.27672 1.27672 1.27671 0.0149194
34.6 1.2702 1.2702 1.27019 0.0149204
34.7 1.26369 1.26369 1.26368 0.0149213
34.8 1.25721 1.25721 1.2572 0.0149223
34.9 1.25074 1.25074 1.25073 0.0149232
35 1.24429 1.24429 1.24428 0.0149242
35.1 1.23786 1.23786 1.23785 0.0149251
35.2 1.23145 1.23145 1.23144 0.0149261
35.3 1.22506 1.22506 1.22505 0.0149271
35.4 1.21869 1.21869 1.21868 0.0149281
35.5 1.21234 1.21234 1.21233 0.0149291
35.6 1.206 1.206 1.20599 0.01493
35.7 1.19969 1.19969 1.19968 0.014931
35.8 1.19339 1.19339 1.19338 0.014932
35.9 1.18712 1.18712 1.18711 0.0149331
36 1.18086 1.18086 1.18085 0.0149341
36.1 1.17462 1.17462 1.17461 0.0149351
36.2 1.1684 1.1684 1.16839 0.0149361
36.3 1.1622 1.1622 1.16219 0.0149371
36.4 1.15601 1.15601 1.156 0.0149382
36.5 1.14985 1.14985 1.14984 0.0149392
36.6 1.14371 1.14371 1.1437 0.0149403
36.7 1.13758 1.13758 1.13757 0.0149413
36.8 1.13147 1.13147 1.13146 0.0149424
36.9 1.12538 1.12538 1.12537 0.0149434
37 1.11931 1.11931 1.1193 0.0149445
37.1 1.11326 1.11326 1.11325 0.0149456
37.2 1.10723 1.10723 1.10722 0.0149467
37.3 1.10122 1.10122 1.10121 0.0149477
37.4 1.09522 1.09522 1.09521 0.0149488
37.5 1.08925 1.08925 1.08924 0.0149499
37.6 1.08329 1.08329 1.08328 0.014951
37.7 1.07736 1.07736 1.07735 0.0149522
37.8 1.07144 1.07144 1.07143 0.0149533
37.9 1.06554 1.06554 1.06553 0.0149544
38 1.05966 1.05966 1.05965 0.0149555
38.1 1.05379 1.05379 1.05378 0.0149567
38.2 1.04795 1.04795 1.04794 0.0149578
38.3 1.04212 1.04212 1.04211 0.014959
38.4 1.03632 1.03632 1.03631 0.0149601
38.5 1.03053 1.03053 1.03052 0.0149613
38.6 1.02476 1.02476 1.02475 0.0149624
38.7 1.01901 1.01901 1.019 0.0149636
38.8 1.01328 1.01328 1.01327 0.0149648
38.9 1.00757 1.00757 1.00756 0.014966
39 1.00187 1.00187 1.00186 0.0149672
39.1 0.996197 0.996197 0.996188 0.0149684
39.2 0.990541 0.990541 0.990531 0.0149696
39.3 0.984903 0.984903 0.984893 0.0149708
39.4 0.979283 0.979283 0.979274 0.014972
39.5 0.973683 0.973683 0.973673 0.0149733
39.6 0.968101 0.968101 0.968091 0.0149745
39.7 0.962537 0.962537 0.962527 0.0149758
39.8 0.956993 0.956993 0.956983 0.014977
39.9 0.951466 0.951466 0.951457 0.0149783
40 0.945959 0.945959 0.945949 0.0149795
40.1 0.94047 0.94047 0.94046 0.0149808
40.2 0.935 0.935 0.93499 0.0149821
40.3 0.929548 0.929548 0.929538 0.0149834
40.4 0.924115 0.924115 0.924105 0.0149847
40.5 0.9187 0.9187 0.91869 0.014986
40.6 0.913304 0.913304 0.913294 0.0149873
40.7 0.907926 0.907926 0.907916 0.0149886
40.8 0.902567 0.902567 0.902557 0.0149899
40.9 0.897227 0.897227 0.897217 0.0149913
41 0.891905 0.891905 0.891895 0.0149926
41.1 0.886601 0.886601 0.886592 0.014994
41.2 0.881316 0.881316 0.881307 0.0149953
41.3 0.87605 0.87605 0.87604 0.0149967
41.4 0.870802 0.870802 0.870792 0.0149981
41.5 0.865572 0.865572 0.865563 0.0149995
41.6 0.860361 0.860361 0.860352 0.0150009
41.7 0.855169 0.855169 0.855159 0.0150023
41.8 0.849995 0.849995 0.849985 0.0150037
41.9 0.844839 0.844839 0.844829 0.0150051
42 0.839702 0.839702 0.839692 0.0150065
42.1 0.834583 0.834583 0.834573 0.015008
42.2 0.829482 0.829482 0.829472 0.0150094
42.3 0.8244 0.8244 0.82439 0.0150109
42.4 0.819336 0.819336 0.819326 0.0150123
42.5 0.814291 0.814291 0.814281 0.0150138
42.6 0.809264 0.809264 0.809254 0.0150153
42.7 0.804255 0.804255 0.804245 0.0150168
42.8 0.799265 0.799265 0.799255 0.0150183
42.9 0.794293 0.794293 0.794283 0.0150198
43 0.789339 0.789339 0.78933 0.0150213
43.1 0.784404 0.784404 0.784394 0.0150229
43.2 0.779487 0.779487 0.779477 0.0150244
43.3 0.774588 0.774588 0.774578 0.015026
43.4 0.769708 0.769708 0.769698 0.0150275
43.5 0.764845 0.764845 0.764836 0.0150291
43.6 0.760002 0.760002 0.759992 0.0150307
43.7 0.755176 0.755176 0.755166 0.0150323
43.8 0.750368 0.750368 0.750359 0.0150339
43.9 0.745579 0.745579 0.745569 0.0150355
44 0.740808 0.740808 0.740798 0.0150371
44.1 0.736055 0.736055 0.736045 0.0150387
44.2 0.731321 0.731321 0.731311 0.0150404
44.3 0.726604 0.726604 0.726594 0.015042
44.4 0.721906 0.721906 0.721896 0.0150437
44.5 0.717226 0.717226 0.717216 0.0150454
44.6 0.712564 0.712564 0.712554 0.0150471
44.7 0.70792 0.70792 0.70791 0.0150488
44.8 0.703294 0.703294 0.703284 0.0150505
44.9 0.698686 0.698686 0.698677 0.0150522
45 0.694097 0.694097 0.694087 0.0150539
45.1 0.689525 0.689525 0.689516 0.0150557
45.2 0.684972 0.684972 0.684962 0.0150574
45.3 0.680437 0.680437 0.680427 0.0150592
45.4 0.675919 0.675919 0.67591 0.015061
45.5 0.67142 0.67142 0.671411 0.0150628
45.6 0.666939 0.666939 0.666929 0.0150646
45.7 0.662476 0.662476 0.662466 0.0150664
45.8 0.658031 0.658031 0.658021 0.0150682
45.9 0.653604 0.653604 0.653594 0.01507
46 0.649194 0.649194 0.649185 0.0150719
46.1 0.644803 0.644803 0.644793 0.0150738
46.2 0.64043 0.64043 0.64042 0.0150756
46.3 0.636075 0.636075 0.636065 0.0150775
46.4 0.631737 0.631737 0.631727 0.0150794
46.5 0.627418 0.627418 0.627408 0.0150814
46.6 0.623116 0.623116 0.623106 0.0150833
46.7 0.618832 0.618832 0.618823 0.0150852
46.8 0.614566 0.614566 0.614557 0.0150872
46.9 0.610319 0.610319 0.610309 0.0150892
47 0.606088 0.606088 0.606079 0.0150912
47.1 0.601876 0.601876 0.601866 0.0150932
47.2 0.597682 0.597682 0.597672 0.0150952
47.3 0.593505 0.593505 0.593495 0.0150972
47.4 0.589346 0.589346 0.589337 0.0150993
47.5 0.585205 0.585205 0.585196 0.0151013
47.6 0.581082 0.581082 0.581072 0.0151034
47.7 0.576976 0.576976 0.576967 0.0151055
47.8 0.572889 0.572889 0.572879 0.0151076
47.9 0.568818 0.568818 0.568809 0.0151097
48 0.564766 0.564766 0.564757 0.0151118
48.1 0.560731 0.560731 0.560722 0.015114
48.2 0.556715 0.556715 0.556705 0.0151162
48.3 0.552715 0.552715 0.552706 0.0151183
48.4 0.548734 0.548734 0.548724 0.0151205
48.5 0.54477 0.54477 0.54476 0.0151228
48.6 0.540823 0.540823 0.540814 0.015125
48.7 0.536894 0.536894 0.536885 0.0151272
48.8 0.532983 0.532983 0.532974 0.0151295
48.9 0.52909 0.52909 0.52908 0.0151318
49 0.525214 0.525214 0.525204 0.0151341
49.1 0.521355 0.521355 0.521346 0.0151364
49.2 0.517514 0.517514 0.517505 0.0151387
49.3 0.513691 0.513691 0.513682 0.0151411
49.4 0.509885 0.509885 0.509876 0.0151434
49.5 0.506097 0.506097 0.506087 0.0151458
49.6 0.502326 0.502326 0.502316 0.0151482
49.7 0.498572 0.498572 0.498563 0.0151507
49.8 0.494836 0.494836 0.494827 0.0151531
49.9 0.491118 0.491118 0.491108 0.0151556
50 0.487417 0.487417 0.487407 0.015158
50.1 0.483733 0.483733 0.483724 0.0151605
50.2 0.480067 0.480067 0.480057 0.0151631
50.3 0.476418 0.476418 0.476408 0.0151656
50.4 0.472786 0.472786 0.472776 0.0151682
50.5 0.469172 0.469172 0.469162 0.0151707
50.6 0.465575 0.465575 0.465565 0.0151733
50.7 0.461995 0.461995 0.461985 0.0151759
50.8 0.458432 0.458432 0.458423 0.0151786
50.9 0.454887 0.454887 0.454878 0.0151812
51 0.451359 0.451359 0.45135 0.0151839
51.1 0.447849 0.447849 0.447839 0.0151866
51.2 0.444355 0.444355 0.444346 0.0151894
51.3 0.440879 0.440879 0.44087 0.0151921
51.4 0.43742 0.43742 0.437411 0.0151949
51.5 0.433978 0.433978 0.433969 0.0151977
51.6 0.430553 0.430553 0.430544 0.0152005
51.7 0.427146 0.427146 0.427136 0.0152033
51.8 0.423755 0.423755 0.423746 0.0152062
51.9 0.420382 0.420382 0.420372 0.015209
52 0.417025 0.417025 0.417016 0.015212
52.1 0.413686 0.413686 0.413676 0.0152149
52.2 0.410363 0.410363 0.410354 0.0152178
52.3 0.407058 0.407058 0.407049 0.0152208
52.4 0.40377 0.40377 0.403761 0.0152238
52.5 0.400499 0.400499 0.400489 0.0152269
52.6 0.397244 0.397244 0.397235 0.0152299
52.7 0.394007 0.394007 0.393998 0.015233
52.8 0.390786 0.390786 0.390777 0.0152361
52.9 0.387583 0.387583 0.387573 0.0152392
53 0.384396 0.384396 0.384387 0.0152424
53.1 0.381226 0.381226 0.381217 0.0152456
53.2 0.378073 0.378073 0.378064 0.0152488
53.3 0.374937 0.374937 0.374928 0.015252
53.4 0.371818 0.371818 0.371808 0.0152553
53.5 0.368715 0.368715 0.368706 0.0152586
53.6 0.365629 0.365629 0.36562 0.0152619
53.7 0.36256 0.36256 0.362551 0.0152653
53.8 0.359508 0.359508 0.359498 0.0152686
53.9 0.356472 0.356472 0.356463 0.015272
54 0.353453 0.353453 0.353444 0.0152755
54.1 0.350451 0.350451 0.350441 0.015279
54.2 0.347465 0.347465 0.347456 0.0152825
54.3 0.344496 0.344496 0.344487 0.015286
54.4 0.341543 0.341543 0.341534 0.0152896
54.5 0.338607 0.338607 0.338598 0.0152931
54.6 0.335688 0.335688 0.335679 0.0152968
54.7 0.332785 0.332785 0.332776 0.0153004
54.8 0.329899 0.329899 0.32989 0.0153041
54.9 0.327029 0.327029 0.32702 0.0153078
55 0.324175 0.324175 0.324166 0.0153116
55.1 0.321338 0.321338 0.321329 0.0153154
55.2 0.318518 0.318518 0.318509 0.0153192
55.3 0.315714 0.315714 0.315705 0.0153231
55.4 0.312926 0.312926 0.312917 0.015327
55.5 0.310154 0.310154 0.310145 0.0153309
55.6 0.307399 0.307399 0.30739 0.0153349
55.7 0.30466 0.30466 0.304651 0.0153389
55.8 0.301938 0.301938 0.301929 0.0153429
55.9 0.299232 0.299232 0.299223 0.015347
56 0.296541 0.296541 0.296532 0.0153511
56.1 0.293868 0.293868 0.293858 0.0153553
56.2 0.29121 0.29121 0.291201 0.0153595
56.3 0.288568 0.288568 0.288559 0.0153637
56.4 0.285943 0.285943 0.285934 0.015368
56.5 0.283333 0.283333 0.283324 0.0153723
56.6 0.28074 0.28074 0.280731 0.0153767
56.7 0.278163 0.278163 0.278154 0.0153811
56.8 0.275602 0.275602 0.275593 0.0153855
56.9 0.273056 0.273056 0.273047 0.01539
57 0.270527 0.270527 0.270518 0.0153945
57.1 0.268014 0.268014 0.268005 0.0153991
57.2 0.265516 0.265516 0.265507 0.0154037
57.3 0.263035 0.263035 0.263026 0.0154084
57.4 0.260569 0.260569 0.26056 0.0154131
57.5 0.258119 0.258119 0.25811 0.0154178
57.6 0.255685 0.255685 0.255676 0.0154226
57.7 0.253267 0.253267 0.253258 0.0154274
57.8 0.250865 0.250865 0.250856 0.0154323
57.9 0.248478 0.248478 0.248469 0.0154373
58 0.246107 0.246107 0.246098 0.0154423
58.1 0.243751 0.243751 0.243743 0.0154473
58.2 0.241412 0.241412 0.241403 0.0154524
58.3 0.239087 0.239087 0.239079 0.0154575
58.4 0.236779 0.236779 0.23677 0.0154627
58.5 0.234486 0.234486 0.234477 0.015468
58.6 0.232208 0.232208 0.2322 0.0154733
58.7 0.229946 0.229946 0.229938 0.0154786
58.8 0.2277 0.2277 0.227691 0.015484
58.9 0.225469 0.225469 0.22546 0.0154895
59 0.223253 0.223253 0.223244 0.015495
59.1 0.221053 0.221053 0.221044 0.0155006
59.2 0.218868 0.218868 0.218859 0.0155062
59.3 0.216698 0.216698 0.216689 0.0155119
59.4 0.214543 0.214543 0.214535 0.0155176
59.5 0.212404 0.212404 0.212396 0.0155234
59.6 0.21028 0.21028 0.210272 0.0155293
59.7 0.208171 0.208171 0.208163 0.0155352
59.8 0.206078 0.206078 0.206069 0.0155412
59.9 0.203999 0.203999 0.203991 0.0155473
60 0.201936 0.201936 0.201927 0.0155534
60.1 0.199887 0.199887 0.199879 0.0155596
60.2 0.197854 0.197854 0.197845 0.0155659
60.3 0.195835 0.195835 0.195827 0.0155722
60.4 0.193832 0.193832 0.193823 0.0155786
60.5 0.191843 0.191843 0.191835 0.015585
60.6 0.18987 0.18987 0.189861 0.0155915
60.7 0.187911 0.187911 0.187902 0.0155981
60.8 0.185967 0.185967 0.185958 0.0156048
60.9 0.184037 0.184037 0.184029 0.0156115
61 0.182123 0.182123 0.182114 0.0156184
61.1 0.180223 0.180223 0.180214 0.0156253
61.2 0.178338 0.178338 0.178329 0.0156322
61.3 0.176467 0.176467 0.176459 0.0156393
61.4 0.174611 0.174611 0.174603 0.0156464
61.5 0.172769 0.172769 0.172761 0.0156536
61.6 0.170942 0.170942 0.170934 0.0156609
61.7 0.16913 0.16913 0.169122 0.0156682
61.8 0.167332 0.167332 0.167324 0.0156757
61.9 0.165548 0.165548 0.16554 0.0156832
62 0.163779 0.163779 0.163771 0.0156908
62.1 0.162024 0.162024 0.162016 0.0156985
62.2 0.160283 0.160283 0.160275 0.0157063
62.3 0.158557 0.158557 0.158549 0.0157142
62.4 0.156844 0.156844 0.156836 0.0157221
62.5 0.155146 0.155146 0.155138 0.0157302
62.6 0.153462 0.153462 0.153454 0.0157384
62.7 0.151792 0.151792 0.151784 0.0157466
62.8 0.150137 0.150137 0.150128 0.0157549
62.9 0.148495 0.148495 0.148487 0.0157634
63 0.146867 0.146867 0.146859 0.0157719
63.1 0.145253 0.145253 0.145245 0.0157806
63.2 0.143652 0.143652 0.143644 0.0157893
63.3 0.142066 0.142066 0.142058 0.0157981
63.4 0.140494 0.140494 0.140486 0.0158071
63.5 0.138935 0.138935 0.138927 0.0158161
63.6 0.13739 0.13739 0.137382 0.0158253
63.7 0.135858 0.135858 0.13585 0.0158346
63.8 0.13434 0.13434 0.134332 0.0158439
63.9 0.132836 0.132836 0.132828 0.0158534
64 0.131345 0.131345 0.131337 0.015863
64.1 0.129868 0.129868 0.12986 0.0158727
64.2 0.128404 0.128404 0.128396 0.0158826
64.3 0.126953 0.126953 0.126945 0.0158925
64.4 0.125516 0.125516 0.125508 0.0159026
64.5 0.124092 0.124092 0.124084 0.0159128
64.6 0.122681 0.122681 0.122673 0.0159231
64.7 0.121283 0.121283 0.121276 0.0159336
64.8 0.119899 0.119899 0.119891 0.0159442
64.9 0.118528 0.118528 0.11852 0.0159549
65 0.117169 0.117169 0.117162 0.0159657
65.1 0.115824 0.115824 0.115816 0.0159767
65.2 0.114492 0.114492 0.114484 0.0159878
65.3 0.113172 0.113172 0.113164 0.0159991
65.4 0.111865 0.111865 0.111858 0.0160105
65.5 0.110571 0.110571 0.110564 0.016022
65.6 0.10929 0.10929 0.109283 0.0160337
65.7 0.108022 0.108022 0.108014 0.0160455
65.8 0.106766 0.106766 0.106758 0.0160575
65.9 0.105523 0.105523 0.105515 0.0160696
66 0.104292 0.104292 0.104284 0.0160819
66.1 0.103074 0.103074 0.103066 0.0160943
66.2 0.101868 0.101868 0.10186 0.0161069
66.3 0.100674 0.100674 0.100667 0.0161197
66.4 0.099493 0.099493 0.0994856 0.0161326
66.5 0.098324 0.098324 0.0983166 0.0161457
66.6 0.0971673 0.0971673 0.0971599 0.016159
66.7 0.0960226 0.0960226 0.0960153 0.0161724
66.8 0.0948901 0.0948901 0.0948828 0.016186
66.9 0.0937696 0.0937696 0.0937623 0.0161998
67 0.092661 0.092661 0.0926537 0.0162137
67.1 0.0915644 0.0915644 0.0915571 0.0162279
67.2 0.0904796 0.0904796 0.0904724 0.0162422
67.3 0.0894066 0.0894066 0.0893994 0.0162567
67.4 0.0883453 0.0883453 0.0883382 0.0162714
67.5 0.0872958 0.0872958 0.0872886 0.0162863
67.6 0.0862578 0.0862578 0.0862507 0.0163014
67.7 0.0852314 0.0852314 0.0852243 0.0163167
67.8 0.0842165 0.0842165 0.0842095 0.0163322
67.9 0.0832131 0.0832131 0.083206 0.0163479
68 0.082221 0.082221 0.082214 0.0163638
68.1 0.0812402 0.0812402 0.0812332 0.0163799
68.2 0.0802707 0.0802707 0.0802638 0.0163962
68.3 0.0793124 0.0793124 0.0793055 0.0164128
68.4 0.0783652 0.0783652 0.0783583 0.0164295
68.5 0.0774291 0.0774291 0.0774222 0.0164465
68.6 0.076504 0.076504 0.0764971 0.0164637
68.7 0.0755898 0.0755898 0.075583 0.0164812
68.8 0.0746865 0.0746865 0.0746797 0.0164989
68.9 0.073794 0.073794 0.0737872 0.0165168
69 0.0729122 0.0729122 0.0729055 0.016535
69.1 0.0720412 0.0720412 0.0720345 0.0165534
69.2 0.0711807 0.0711807 0.0711741 0.016572
69.3 0.0703308 0.0703308 0.0703242 0.016591
69.4 0.0694914 0.0694914 0.0694848 0.0166101
69.5 0.0686624 0.0686624 0.0686558 0.0166295
69.6 0.0678438 0.0678438 0.0678372 0.0166492
69.7 0.0670354 0.0670354 0.0670289 0.0166692
69.8 0.0662372 0.0662372 0.0662308 0.0166894
69.9 0.0654492 0.0654492 0.0654428 0.0167099
70 0.0646713 0.0646713 0.0646649 0.0167307
70.1 0.0639034 0.0639034 0.063897 0.0167518
70.2 0.0631454 0.0631454 0.063139 0.0167732
70.3 0.0623973 0.0623973 0.062391 0.0167948
70.4 0.061659 0.061659 0.0616527 0.0168168
70.5 0.0609304 0.0609304 0.0609241 0.016839
70.6 0.0602115 0.0602115 0.0602052 0.0168616
70.7 0.0595021 0.0595021 0.0594959 0.0168844
70.8 0.0588023 0.0588023 0.0587962 0.0169076
70.9 0.0581119 0.0581119 0.0581058 0.0169311
71 0.0574309 0.0574309 0.0574249 0.0169549
71.1 0.0567592 0.0567592 0.0567532 0.016979
71.2 0.0560968 0.0560968 0.0560908 0.0170035
71.3 0.0554435 0.0554435 0.0554375 0.0170283
71.4 0.0547993 0.0547993 0.0547933 0.0170535
71.5 0.0541641 0.0541641 0.0541581 0.017079
71.6 0.0535378 0.0535378 0.0535319 0.0171048
71.7 0.0529204 0.0529204 0.0529145 0.017131
71.8 0.0523118 0.0523118 0.052306 0.0171576
71.9 0.0517119 0.0517119 0.0517061 0.0171845
72 0.0511206 0.0511206 0.0511149 0.0172118
72.1 0.050538 0.050538 0.0505323 0.0172395
72.2 0.0499638 0.0499638 0.0499581 0.0172675
72.3 0.049398 0.049398 0.0493924 0.017296
72.4 0.0488406 0.0488406 0.048835 0.0173248
72.5 0.0482915 0.0482915 0.0482859 0.017354
72.6 0.0477505 0.0477505 0.047745 0.0173836
72.7 0.0472177 0.0472177 0.0472122 0.0174137
72.8 0.0466929 0.0466929 0.0466875 0.0174441
72.9 0.0461761 0.0461761 0.0461707 0.0174749
73 0.0456672 0.0456672 0.0456618 0.0175062
73.1 0.0451661 0.0451661 0.0451607 0.0175379
73.2 0.0446727 0.0446727 0.0446674 0.01757
73.3 0.044187 0.044187 0.0441818 0.0176026
73.4 0.0437089 0.0437089 0.0437037 0.0176356
73.5 0.0432383 0.0432383 0.0432332 0.0176691
73.6 0.0427752 0.0427752 0.0427701 0.017703
73.7 0.0423194 0.0423194 0.0423143 0.0177374
73.8 0.0418709 0.0418709 0.0418658 0.0177722
73.9 0.0414296 0.0414296 0.0414246 0.0178075
74 0.0409954 0.0409954 0.0409905 0.0178433
74.1 0.0405683 0.0405683 0.0405634 0.0178795
74.2 0.0401482 0.0401482 0.0401433 0.0179163
74.3 0.039735 0.039735 0.0397301 0.0179535
74.4 0.0393286 0.0393286 0.0393238 0.0179912
74.5 0.038929 0.038929 0.0389242 0.0180295
74.6 0.038536 0.038536 0.0385313 0.0180682
74.7 0.0381497 0.0381497 0.038145 0.0181075
74.8 0.0377699 0.0377699 0.0377652 0.0181473
74.9 0.0373965 0.0373965 0.0373919 0.0181876
75 0.0370295 0.0370295 0.0370249 0.0182284
75.1 0.0366688 0.0366688 0.0366643 0.0182698
75.2 0.0363143 0.0363143 0.0363098 0.0183117
75.3 0.035966 0.035966 0.0359615 0.0183542
75.4 0.0356237 0.0356237 0.0356193 0.0183972
75.5 0.0352875 0.0352875 0.0352831 0.0184408
75.6 0.0349572 0.0349572 0.0349529 0.0184849
75.7 0.0346327 0.0346327 0.0346284 0.0185296
75.8 0.034314 0.034314 0.0343098 0.0185749
75.9 0.0340011 0.0340011 0.0339969 0.0186208
76 0.0336937 0.0336937 0.0336896 0.0186673
76.1 0.0333919 0.0333919 0.0333878 0.0187143
76.2 0.0330957 0.0330957 0.0330916 0.018762
76.3 0.0328048 0.0328048 0.0328007 0.0188103
76.4 0.0325192 0.0325192 0.0325152 0.0188592
76.5 0.032239 0.032239 0.032235 0.0189087
76.6 0.0319639 0.0319639 0.03196 0.0189588
76.7 0.031694 0.031694 0.0316901 0.0190095
76.8 0.0314291 0.0314291 0.0314253 0.0190609
76.9 0.0311692 0.0311692 0.0311654 0.019113
77 0.0309143 0.0309143 0.0309105 0.0191656
77.1 0.0306641 0.0306641 0.0306604 0.019219
77.2 0.0304188 0.0304188 0.0304151 0.019273
77.3 0.0301782 0.0301782 0.0301745 0.0193276
77.4 0.0299422 0.0299422 0.0299386 0.0193829
77.5 0.0297108 0.0297108 0.0297072 0.0194389
77.6 0.0294839 0.0294839 0.0294804 0.0194956
77.7 0.0292614 0.0292614 0.029258 0.019553
77.8 0.0290433 0.0290433 0.0290399 0.019611
77.9 0.0288296 0.0288296 0.0288262 0.0196698
78 0.0286201 0.0286201 0.0286167 0.0197292
78.1 0.0284147 0.0284147 0.0284114 0.0197894
78.2 0.0282135 0.0282135 0.0282102 0.0198503
78.3 0.0280163 0.0280163 0.0280131 0.0199119
78.4 0.0278231 0.0278231 0.0278199 0.0199742
78.5 0.0276338 0.0276338 0.0276307 0.0200373
78.6 0.0274484 0.0274484 0.0274453 0.0201011
78.7 0.0272668 0.0272668 0.0272638 0.0201656
78.8 0.027089 0.027089 0.0270859 0.0202309
78.9 0.0269148 0.0269148 0.0269118 0.020297
79 0.0267442 0.0267442 0.0267413 0.0203638
79.1 0.0265772 0.0265772 0.0265743 0.0204314
79.2 0.0264137 0.0264137 0.0264108 0.0204997
79.3 0.0262537 0.0262537 0.0262508 0.0205689
79.4 0.026097 0.026097 0.0260942 0.0206388
79.5 0.0259436 0.0259436 0.0259409 0.0207095
79.6 0.0257936 0.0257936 0.0257908 0.020781
79.7 0.0256467 0.0256467 0.025644 0.0208533
79.8 0.025503 0.025503 0.0255004 0.0209264
79.9 0.0253624 0.0253624 0.0253598 0.0210003
80 0.0252249 0.0252249 0.0252223 0.021075
80.1 0.0250903 0.0250903 0.0250878 0.0211506
80.2 0.0249587 0.0249587 0.0249562 0.021227
80.3 0.02483 0.02483 0.0248276 0.0213042
80.4 0.0247042 0.0247042 0.0247017 0.0213822
80.5 0.0245811 0.0245811 0.0245787 0.0214612
80.6 0.0244608 0.0244608 0.0244584 0.0215409
80.7 0.0243431 0.0243431 0.0243408 0.0216215
80.8 0.0242281 0.0242281 0.0242258 0.021703
80.9 0.0241157 0.0241157 0.0241134 0.0217854
81 0.0240058 0.0240058 0.0240036 0.0218686
81.1 0.0238984 0.0238984 0.0238963 0.0219527
81.2 0.0237935 0.0237935 0.0237914 0.0220377
81.3 0.023691 0.023691 0.0236889 0.0221236
81.4 0.0235908 0.0235908 0.0235887 0.0222105
81.5 0.023493 0.023493 0.0234909 0.0222982
81.6 0.0233974 0.0233974 0.0233954 0.0223868
81.7 0.023304 0.023304 0.023302 0.0224763
81.8 0.0232129 0.0232129 0.0232109 0.0225668
81.9 0.0231238 0.0231238 0.0231219 0.0226582
82 0.0230369 0.0230369 0.023035 0.0227505
82.1 0.022952 0.022952 0.0229501 0.0228438
82.2 0.0228691 0.0228691 0.0228673 0.0229381
82.3 0.0227882 0.0227882 0.0227864 0.0230333
82.4 0.0227093 0.0227093 0.0227075 0.0231294
82.5 0.0226322 0.0226322 0.0226305 0.0232266
82.6 0.022557 0.022557 0.0225553 0.0233247
82.7 0.0224836 0.0224836 0.0224819 0.0234238
82.8 0.022412 0.022412 0.0224104 0.0235238
82.9 0.0223422 0.0223422 0.0223405 0.0236249
83 0.022274 0.022274 0.0222724 0.023727
83.1 0.0222076 0.0222076 0.022206 0.0238301
83.2 0.0221427 0.0221427 0.0221412 0.0239343
83.3 0.0220795 0.0220795 0.022078 0.0240394
83.4 0.0220179 0.0220179 0.0220164 0.0241456
83.5 0.0219578 0.0219578 0.0219563 0.0242528
83.6 0.0218992 0.0218992 0.0218977 0.0243611
83.7 0.021842 0.021842 0.0218406 0.0244704
83.8 0.0217864 0.0217864 0.021785 0.0245808
83.9 0.0217321 0.0217321 0.0217307 0.0246923
84 0.0216792 0.0216792 0.0216778 0.0248049
84.1 0.0216276 0.0216276 0.0216263 0.0249185
84.2 0.0215774 0.0215774 0.0215761 0.0250332
84.3 0.0215285 0.0215285 0.0215272 0.0251491
84.4 0.0214808 0.0214808 0.0214796 0.025266
84.5 0.0214344 0.0214344 0.0214332 0.0253841
84.6 0.0213892 0.0213892 0.021388 0.0255033
84.7 0.0213451 0.0213451 0.021344 0.0256236
84.8 0.0213023 0.0213023 0.0213011 0.0257451
84.9 0.0212605 0.0212605 0.0212594 0.0258677
85 0.0212199 0.0212199 0.0212187 0.0259915
85.1 0.0211803 0.0211803 0.0211792 0.0261165
85.2 0.0211418 0.0211418 0.0211407 0.0262426
85.3 0.0211043 0.0211043 0.0211032 0.02637
85.4 0.0210678 0.0210678 0.0210668 0.0264985
85.5 0.0210323 0.0210323 0.0210313 0.0266282
85.6 0.0209977 0.0209977 0.0209967 0.0267592
85.7 0.0209641 0.0209641 0.0209632 0.0268914
85.8 0.0209314 0.0209314 0.0209305 0.0270248
85.9 0.0208996 0.0208996 0.0208987 0.0271594
86 0.0208687 0.0208687 0.0208678 0.0272953
86.1 0.0208386 0.0208386 0.0208377 0.0274325
86.2 0.0208094 0.0208094 0.0208085 0.0275709
86.3 0.0207809 0.0207809 0.0207801 0.0277107
86.4 0.0207533 0.0207533 0.0207524 0.0278517
86.5 0.0207264 0.0207264 0.0207256 0.027994
86.6 0.0207003 0.0207003 0.0206995 0.0281376
86.7 0.0206749 0.0206749 0.0206741 0.0282826
86.8 0.0206502 0.0206502 0.0206495 0.0284289
86.9 0.0206263 0.0206263 0.0206255 0.0285765
87 0.020603 0.020603 0.0206022 0.0287255
87.1 0.0205804 0.0205804 0.0205796 0.0288758
87.2 0.0205584 0.0205584 0.0205577 0.0290275
87.3 0.020537 0.020537 0.0205363 0.0291806
87.4 0.0205163 0.0205163 0.0205156 0.0293352
87.5 0.0204962 0.0204962 0.0204955 0.0294911
87.6 0.0204766 0.0204766 0.020476 0.0296484
87.7 0.0204577 0.0204577 0.020457 0.0298072
87.8 0.0204392 0.0204392 0.0204386 0.0299674
87.9 0.0204214 0.0204214 0.0204208 0.030129
88 0.020404 0.020404 0.0204034 0.0302921
88.1 0.0203872 0.0203872 0.0203866 0.0304567
88.2 0.0203708 0.0203708 0.0203703 0.0306228
88.3 0.020355 0.020355 0.0203544 0.0307904
88.4 0.0203396 0.0203396 0.0203391 0.0309594
88.5 0.0203247 0.0203247 0.0203242 0.03113
88.6 0.0203102 0.0203102 0.0203097 0.0313022
88.7 0.0202962 0.0202962 0.0202957 0.0314759
88.8 0.0202826 0.0202826 0.0202821 0.0316511
88.9 0.0202694 0.0202694 0.0202689 0.0318279
89 0.0202566 0.0202566 0.0202562 0.0320063
89.1 0.0202443 0.0202443 0.0202438 0.0321863
89.2 0.0202322 0.0202322 0.0202318 0.0323678
89.3 0.0202206 0.0202206 0.0202201 0.032551
89.4 0.0202093 0.0202093 0.0202089 0.0327358
89.5 0.0201984 0.0201984 0.020198 0.0329223
89.6 0.0201878 0.0201878 0.0201874 0.0331104
89.7 0.0201775 0.0201775 0.0201771 0.0333002
89.8 0.0201676 0.0201676 0.0201672 0.0334916
89.9 0.020158 0.020158 0.0201576 0.0336847
90 0.0201487 0.0201487 0.0201483 0.0338795
90.1 0.0201397 0.0201397 0.0201393 0.0340761
90.2 0.0201309 0.0201309 0.0201306 0.0342743
90.3 0.0201225 0.0201225 0.0201221 0.0344743
90.4 0.0201143 0.0201143 0.0201139 0.034676
90.5 0.0201064 0.0201064 0.020106 0.0348795
90.6 0.0200987 0.0200987 0.0200984 0.0350848
90.7 0.0200913 0.0200913 0.020091 0.0352918
90.8 0.0200841 0.0200841 0.0200838 0.0355007
90.9 0.0200772 0.0200772 0.0200769 0.0357113
91 0.0200705 0.0200705 0.0200702 0.0359237
91.1 0.020064 0.020064 0.0200637 0.036138
91.2 0.0200577 0.0200577 0.0200574 0.0363541
91.3 0.0200516 0.0200516 0.0200513 0.036572
91.4 0.0200458 0.0200458 0.0200455 0.0367918
91.5 0.0200401 0.0200401 0.0200398 0.0370135
91.6 0.0200346 0.0200346 0.0200343 0.037237
91.7 0.0200293 0.0200293 0.020029 0.0374625
91.8 0.0200242 0.0200242 0.0200239 0.0376898
91.9 0.0200192 0.0200192 0.020019 0.037919
92 0.0200144 0.0200144 0.0200142 0.0381502
92.1 0.0200098 0.0200098 0.0200096 0.0383833
92.2 0.0200054 0.0200054 0.0200051 0.0386183
92.3 0.020001 0.020001 0.0200008 0.0388552
92.4 0.0199969 0.0199969 0.0199967 0.0390941
92.5 0.0199929 0.0199929 0.0199926 0.039335
92.6 0.019989 0.019989 0.0199888 0.0395778
92.7 0.0199852 0.0199852 0.019985 0.0398226
92.8 0.0199816 0.0199816 0.0199814 0.0400694
92.9 0.0199781 0.0199781 0.0199779 0.0403182
93 0.0199748 0.0199748 0.0199746 0.040569
93.1 0.0199715 0.0199715 0.0199713 0.0408217
93.2 0.0199684 0.0199684 0.0199682 0.0410765
93.3 0.0199653 0.0199653 0.0199652 0.0413333
93.4 0.0199624 0.0199624 0.0199622 0.0415921
93.5 0.0199596 0.0199596 0.0199594 0.0418529
93.6 0.0199569 0.0199569 0.0199567 0.0421157
93.7 0.0199543 0.0199543 0.0199541 0.0423806
93.8 0.0199517 0.0199517 0.0199516 0.0426475
93.9 0.0199493 0.0199493 0.0199491 0.0429164
94 0.0199469 0.0199469 0.0199468 0.0431874
94.1 0.0199447 0.0199447 0.0199445 0.0434603
94.2 0.0199425 0.0199425 0.0199424 0.0437354
94.3 0.0199404 0.0199404 0.0199403 0.0440124
94.4 0.0199384 0.0199384 0.0199382 0.0442915
94.5 0.0199364 0.0199364 0.0199363 0.0445726
94.6 0.0199345 0.0199345 0.0199344 0.0448557
94.7 0.0199327 0.0199327 0.0199326 0.0451409
94.8 0.019931 0.019931 0.0199308 0.045428
94.9 0.0199293 0.0199293 0.0199292 0.0457172
95 0.0199277 0.0199277 0.0199275 0.0460084
95.1 0.0199261 0.0199261 0.019926 0.0463016
95.2 0.0199246 0.0199246 0.0199245 0.0465968
95.3 0.0199231 0.0199231 0.019923 0.0468939
95.4 0.0199217 0.0199217 0.0199216 0.0471931
95.5 0.0199204 0.0199204 0.0199203 0.0474942
95.6 0.0199191 0.0199191 0.019919 0.0477972
95.7 0.0199179 0.0199179 0.0199178 0.0481022
95.8 0.0199167 0.0199167 0.0199166 0.0484091
95.9 0.0199155 0.0199155 0.0199154 0.048718
96 0.0199144 0.0199144 0.0199143 0.0490287
96.1 0.0199133 0.0199133 0.0199133 0.0493413
96.2 0.0199123 0.0199123 0.0199122 0.0496558
96.3 0.0199113 0.0199113 0.0199112 0.0499721
96.4 0.0199104 0.0199104 0.0199103 0.0502903
96.5 0.0199095 0.0199095 0.0199094 0.0506102
96.6 0.0199086 0.0199086 0.0199085 0.050932
96.7 0.0199077 0.0199077 0.0199077 0.0512554
96.8 0.0199069 0.0199069 0.0199068 0.0515807
96.9 0.0199061 0.0199061 0.0199061 0.0519076
97 0.0199054 0.0199054 0.0199053 0.0522362
97.1 0.0199047 0.0199047 0.0199046 0.0525665
97.2 0.019904 0.019904 0.0199039 0.0528984
97.3 0.0199033 0.0199033 0.0199032 0.0532319
97.4 0.0199026 0.0199026 0.0199026 0.0535669
97.5 0.019902 0.019902 0.019902 0.0539035
97.6 0.0199014 0.0199014 0.0199014 0.0542416
97.7 0.0199009 0.0199009 0.0199008 0.0545811
97.8 0.0199003 0.0199003 0.0199002 0.054922
97.9 0.0198998 0.0198998 0.0198997 0.0552643
98 0.0198993 0.0198993 0.0198992 0.055608
98.1 0.0198988 0.0198988 0.0198987 0.0559529
98.2 0.0198983 0.0198983 0.0198982 0.0562992
98.3 0.0198978 0.0198978 0.0198978 0.0566466
98.4 0.0198974 0.0198974 0.0198974 0.0569952
98.5 0.019897 0.019897 0.0198969 0.0573449
98.6 0.0198966 0.0198966 0.0198965 0.0576956
98.7 0.0198962 0.0198962 0.0198962 0.0580474
98.8 0.0198958 0.0198958 0.0198958 0.0584002
98.9 0.0198955 0.0198955 0.0198954 0.0587539
99 0.0198951 0.0198951 0.0198951 0.0591084
99.1 0.0198948 0.0198948 0.0198948 0.0594638
99.2 0.0198945 0.0198945 0.0198945 0.0598199
99.3 0.0198942 0.0198942 0.0198941 0.0601767
99.4 0.0198939 0.0198939 0.0198939 0.0605341
99.5 0.0198936 0.0198936 0.0198936 0.0608921
99.6 0.0198933 0.0198933 0.0198933 0.0612506
99.7 0.0198931 0.0198931 0.019893 0.0616096
99.8 0.0198928 0.0198928 0.0198928 0.061969
99.9 0.0198926 0.0198926 0.0198926 0.0623287
100 0.0198924 0.0198924 0.0198923 0.0626886
